
PostingConstraints: 0.1s


LabelingTime: 600.01s

[task(12,1,13,6,1),task(3,1,4,1,2),task(13,1,14,2,3),task(0,1,1,3,4),task(6,1,7,3,5),task(11,1,12,2,6),task(5,1,6,3,7),task(10,1,11,2,8),task(2,1,3,4,9),task(3,1,4,2,10),task(9,1,10,2,11),task(4,1,5,3,12),task(7,1,8,2,13),task(1,1,2,3,14),task(8,1,9,3,15),task(27,1,28,6,16),task(13,1,14,1,17),task(29,1,30,2,18),task(15,1,16,3,19),task(14,1,15,3,20)]
[[0,0,0,0,0,0,1,1,1,1,1,1],[0,0,0,0,0,0,0,0,0,1,0,0],[0,0,0,0,0,0,0,1,0,0,0,1],[0,0,0,0,0,0,0,0,0,1,1,1],[0,0,0,0,0,0,0,0,0,1,1,1],[0,0,0,0,0,0,0,0,0,1,0,1],[0,0,0,0,0,0,0,0,0,1,1,1],[0,0,0,0,0,0,0,1,0,0,0,1],[0,0,0,0,0,0,0,0,1,1,1,1],[0,0,0,0,0,0,0,0,0,0,1,1],[0,0,0,0,0,0,0,0,0,1,0,1],[0,0,0,0,0,0,0,0,0,1,1,1],[0,0,0,0,0,0,0,1,0,0,0,1],[0,0,0,0,0,0,0,0,0,1,1,1],[0,0,0,0,0,0,0,0,0,1,1,1],[0,0,0,0,0,0,1,1,1,1,1,1],[0,0,0,0,0,0,0,0,0,1,0,0],[0,0,0,0,0,0,0,1,0,0,0,1],[0,0,0,0,0,0,0,0,0,1,1,1],[0,0,0,0,0,0,0,0,1,1,0,1]]
2375


Profit: 2375

 ---------------
| Constructions |
 ---------------

BP: base price, CD: contract duration, BD: base duration, MC: materials cost
---------------------------------------------------
ID		BP		CD		Bonus	Duration	Payment
1		1000		10		10		14			960

	ID	Specialty		BD	MC	Start	Dur	End	Workers
	--	---------		--	--	-----	---	---	-------
	1	Pichelaria		10	25	12		1	13	7 8 9 10 11 12 
	2	Carpintaria		1	50	3		1	4	10 
	3	Jardinagem		2	20	13		1	14	8 12 
	4	Eletricidade		5	100	0		1	1	10 11 12 
	5	Canalização		4	120	6		1	7	10 11 12 

---------------------------------------------------
ID		BP		CD		Bonus	Duration	Payment
2		800		15		20		10			900

	ID	Specialty		BD	MC	Start	Dur	End	Workers
	--	---------		--	--	-----	---	---	-------
	6	Pichelaria		3	25	11		1	12	10 12 
	7	Carpintaria		5	50	5		1	6	10 11 12 
	8	Jardinagem		2	20	10		1	11	8 12 
	9	Eletricidade		6	100	2		1	3	9 10 11 12 

---------------------------------------------------
ID		BP		CD		Bonus	Duration	Payment
3		2000		20		50		9			2550

	ID	Specialty		BD	MC	Start	Dur	End	Workers
	--	---------		--	--	-----	---	---	-------
	10	Canalização		2	120	3		1	4	11 12 
	11	Pichelaria		3	25	9		1	10	10 12 
	12	Carpintaria		5	50	4		1	5	10 11 12 
	13	Jardinagem		2	20	7		1	8	8 12 
	14	Eletricidade		5	100	1		1	2	10 11 12 
	15	Chaminés		4	120	8		1	9	10 11 12 

---------------------------------------------------
ID		BP		CD		Bonus	Duration	Payment
4		1600		12		5		17			1575

	ID	Specialty		BD	MC	Start	Dur	End	Workers
	--	---------		--	--	-----	---	---	-------
	16	Pichelaria		10	25	27		1	28	7 8 9 10 11 12 
	17	Carpintaria		1	50	13		1	14	10 
	18	Jardinagem		2	20	29		1	30	8 12 
	19	Chaminés		5	100	15		1	16	10 11 12 
	20	Canalização		4	120	14		1	15	9 10 12 

 --------- 
| Workers |
 --------- 

ID	Sallary	Operations
--	-------	----------
1	20		
2	50		
3	60		
4	70		
5	80		
6	50		
7	60		1 16 
8	50		1 3 8 13 16 18 
9	40		1 9 16 20 
10	50		1 2 4 5 6 7 9 11 12 14 15 16 17 19 20 
11	60		1 4 5 7 9 10 12 14 15 16 19 
12	20		1 3 4 5 6 7 8 9 10 11 12 13 14 15 16 18 19 20 
